DMSP 5D-3 F16 (USA 172) 
1 28054U 03048A   25341.96092220  .00000217  00000+0  13690-3 0  9990
2 28054  99.0048 359.3803 0006683 335.6309  86.9608 14.14421497142454
METEOSAT-9 (MSG-2)      
1 28912U 05049B   25341.86244705  .00000124  00000+0  00000+0 0  9996
2 28912   8.9285  56.0211 0003901 189.4630 187.4925  1.00273689  5080
DMSP 5D-3 F17 (USA 191) 
1 29522U 06050A   25341.96199320  .00000279  00000+0  16690-3 0  9997
2 29522  98.7393 347.4505 0009266 239.5341 120.4918 14.14916411985378
FENGYUN 3A              
1 32958U 08026A   25341.96295899  .00000211  00000+0  12077-3 0  9998
2 32958  98.6691 281.5905 0008121 325.4381  34.6266 14.19512133908279
GOES 14                 
1 35491U 09033A   25341.90335398 -.00000065  00000+0  00000+0 0  9992
2 35491   1.1865  85.4623 0004114 154.0320  54.3217  1.00273001  4671
DMSP 5D-3 F18 (USA 210) 
1 35951U 09057A   25341.91686686  .00000389  00000+0  22463-3 0  9998
2 35951  98.8829 318.3419 0012109  75.2903 284.9611 14.14764490832540
EWS-G2 (GOES 15)        
1 36411U 10008A   25341.95114230  .00000041  00000+0  00000+0 0  9997
2 36411   0.8017  86.0622 0005988 172.5431 222.2211  1.00268517 57723
COMS 1                  
1 36744U 10032A   25341.74017916 -.00000342  00000+0  00000+0 0  9998
2 36744   4.3291  78.0520 0001161 192.8793 200.4669  1.00271292 49177
FENGYUN 3B              
1 37214U 10059A   25341.93517786  .00000163  00000+0  10775-3 0  9995
2 37214  98.9915  21.8789 0022221  11.3833  46.2158 14.14787687780388
SUOMI NPP               
1 37849U 11061A   25341.90057376  .00000167  00000+0  10041-3 0  9994
2 37849  98.7766 279.2859 0002081 128.6460 231.4902 14.19511923731307
METEOSAT-10 (MSG-3)     
1 38552U 12035B   25341.92483192 -.00000004  00000+0  00000+0 0  9990
2 38552   4.2175  61.7316 0000884 234.3962 113.8829  1.00273474 48931
METOP-B                 
1 38771U 12049A   25341.93590181  .00000235  00000+0  12767-3 0  9998
2 38771  98.6805  31.9760 0002711 154.7462 205.3849 14.21405545686091
INSAT-3D                
1 39216U 13038B   25341.95048542 -.00000336  00000+0  00000+0 0  9999
2 39216   1.4323  85.0390 0001717 161.2231 302.4220  1.00271792 45161
FENGYUN 3C              
1 39260U 13052A   25341.93868290  .00000183  00000+0  11407-3 0  9998
2 39260  98.4759 319.8526 0014027 210.3308 149.7056 14.15693932631509
METEOR-M 2              
1 40069U 14037A   25341.96154597  .00000253  00000+0  13499-3 0  9993
2 40069  98.4898 319.7294 0004852 224.9867 135.0919 14.21383509592155
HIMAWARI-8              
1 40267U 14060A   25341.95247876 -.00000273  00000+0  00000+0 0  9994
2 40267   0.0504 135.4496 0001343 154.0261 271.0486  1.00269403 40841
FENGYUN 2G              
1 40367U 14090A   25341.80181892 -.00000300  00000+0  00000+0 0  9998
2 40367   5.1554  75.1544 0003120 196.9461 193.0185  1.00265807 40088
METEOSAT-11 (MSG-4)     
1 40732U 15034A   25341.92665193  .00000064  00000+0  00000+0 0  9993
2 40732   2.7233  72.0159 0000979 120.5352 227.3586  1.00265990  5293
ELEKTRO-L 2             
1 41105U 15074A   25341.06583580 -.00000115  00000+0  00000+0 0  9994
2 41105   6.2111  72.8948 0003915 201.1648 171.2246  1.00272049 36582
INSAT-3DR               
1 41752U 16054A   25341.91364300 -.00000074  00000+0  00000+0 0  9996
2 41752   0.0802  87.0128 0014562 182.9806 209.8589  1.00270087 33900
HIMAWARI-9              
1 41836U 16064A   25341.86086209 -.00000271  00000+0  00000+0 0  9992
2 41836   0.0157  58.6459 0001328 211.0672 257.8442  1.00273365 33293
GOES 16                 
1 41866U 16071A   25341.83254686 -.00000088  00000+0  00000+0 0  9992
2 41866   0.0664 104.5463 0003500 155.3383  12.0135  1.00271515 33181
FENGYUN 4A              
1 41882U 16077A   25341.93574227 -.00000354  00000+0  00000+0 0  9999
2 41882   1.8367  82.4374 0004974 142.9149 312.2873  1.00275782 33017
CYGFM05                 
1 41884U 16078A   25341.96549976  .00024362  00000+0  46085-3 0  9999
2 41884  34.9599  78.3112 0009577 138.5672 221.5777 15.47374396499022
CYGFM04                 
1 41885U 16078B   25341.60899965  .00031257  00000+0  53768-3 0  9994
2 41885  34.9352  55.5630 0008817 164.3189 195.7807 15.50045424499148
CYGFM02                 
1 41886U 16078C   25341.61120334  .00033413  00000+0  54698-3 0  9992
2 41886  34.9440  53.9401 0010559 163.4673 196.6395 15.51404281499276
CYGFM01                 
1 41887U 16078D   25341.95936220  .00024714  00000+0  45832-3 0  9993
2 41887  34.9429  80.7346 0009154 129.9517 230.2010 15.47944929498960
CYGFM08                 
1 41888U 16078E   25341.63218059  .00031588  00000+0  56094-3 0  9991
2 41888  34.9461  65.9239 0010991 152.0024 208.1291 15.49121472499142
CYGFM07                 
1 41890U 16078G   25341.89395794  .00025772  00000+0  44905-3 0  9990
2 41890  34.9481  53.2183 0009342 172.4000 187.6865 15.49708056499207
CYGFM03                 
1 41891U 16078H   25341.92322921  .00025993  00000+0  45456-3 0  9994
2 41891  34.9435  54.9413 0008656 160.1803 199.9256 15.49611239499186
FENGYUN 3D              
1 43010U 17072A   25341.94579942  .00000198  00000+0  11543-3 0  9993
2 43010  98.9888 308.1844 0000791 197.1713 162.9436 14.19681679417852
NOAA 20 (JPSS-1)        
1 43013U 17073A   25341.91542581  .00000153  00000+0  93646-4 0  9999
2 43013  98.7592 278.2652 0002113  94.3008 265.8410 14.19523560417336
GOES 17                 
1 43226U 18022A   25341.90708066 -.00000179  00000+0  00000+0 0  9997
2 43226   0.4470  89.1971 0003502 184.7710  40.0041  1.00270811 28501
FENGYUN 2H              
1 43491U 18050A   25341.94051869 -.00000128  00000+0  00000+0 0  9992
2 43491   2.5381  81.3825 0002879 165.7757 247.7471  1.00271300 27525
METOP-C                 
1 43689U 18087A   25341.89454031  .00000238  00000+0  12877-3 0  9993
2 43689  98.6936  39.7382 0001538  50.6529 309.4784 14.21508910367652
GEO-KOMPSAT-2A          
1 43823U 18100A   25341.95022542 -.00000341  00000+0  00000+0 0  9991
2 43823   0.0574 115.7765 0000220  83.4360 348.1045  1.00271080 25717
METEOR-M2 2             
1 44387U 19038A   25341.95984098  .00000301  00000+0  15019-3 0  9996
2 44387  98.8968 321.6303 0001122 157.6717 202.4510 14.24288365334078
ARKTIKA-M 1             
1 47719U 21016A   25335.11228744 -.00000012  00000+0  00000+0 0  9997
2 47719  63.1756  85.6045 7197470 269.0840  15.7076  2.00613156 34816
FENGYUN 3E              
1 49008U 21062A   25341.95295926  .00000053  00000+0  45862-4 0  9990
2 49008  98.7476 342.5309 0000593 295.6624  64.4491 14.19879004229443
GOES 18                 
1 51850U 22021A   25341.75499653  .00000100  00000+0  00000+0 0  9998
2 51850   0.0087  95.7200 0000880 202.0589 273.7963  1.00272516  4679
NOAA 21 (JPSS-2)        
1 54234U 22150A   25341.95051007  .00000176  00000+0  10412-3 0  9994
2 54234  98.7456 278.3187 0002398  47.1667 312.9710 14.19522055159415
METEOSAT-12 (MTG-I1)    
1 54743U 22170C   25341.92474525 -.00000003  00000+0  00000+0 0  9990
2 54743   0.7247  30.8457 0001506 222.9415 155.8217  1.00274741 11062
TIANMU-1 03             
1 55973U 23039A   25341.88593417  .00018419  00000+0  45245-3 0  9991
2 55973  97.5111 144.4029 0004510  75.4292 284.7454 15.40710600151317
TIANMU-1 04             
1 55974U 23039B   25341.93136692  .00019202  00000+0  46632-3 0  9998
2 55974  97.5044 143.6426 0005172  70.6655 289.5150 15.41045963151321
TIANMU-1 05             
1 55975U 23039C   25341.92443495  .00018515  00000+0  45540-3 0  9993
2 55975  97.5089 144.1277 0004368  92.0824 268.0923 15.40670238151309
TIANMU-1 06             
1 55976U 23039D   25341.93370458  .00019299  00000+0  46789-3 0  9999
2 55976  97.5101 144.5983 0004675  87.2673 272.9109 15.41098617151320
FENGYUN 3G              
1 56232U 23055A   25341.96413298  .00040444  00000+0  63358-3 0  9993
2 56232  49.9939 252.0920 0009257 126.0947 234.0879 15.53223831150287
METEOR-M2 3             
1 57166U 23091A   25341.91360348  .00000046  00000+0  39159-4 0  9999
2 57166  98.6385  35.5371 0004179  22.0951 338.0408 14.24025199127294
TIANMU-1 07             
1 57399U 23101A   25341.88025298  .00009647  00000+0  35593-3 0  9990
2 57399  97.2878  31.8375 0005641  93.7421 266.4464 15.27965789132417
TIANMU-1 08             
1 57400U 23101B   25341.91263457  .00009565  00000+0  35296-3 0  9997
2 57400  97.2865  31.6681 0007547  97.3224 262.8873 15.27950423132415
TIANMU-1 09             
1 57401U 23101C   25341.89950578  .00010190  00000+0  37560-3 0  9994
2 57401  97.2822  31.1712 0006792  96.8828 263.3185 15.27975903132416
TIANMU-1 10             
1 57402U 23101D   25341.93369400  .00009612  00000+0  35442-3 0  9992
2 57402  97.2903  32.0492 0008576  97.1703 263.0512 15.27968013132415
FENGYUN 3F              
1 57490U 23111A   25341.94008812  .00000175  00000+0  10281-3 0  9997
2 57490  98.7091  50.3108 0000667  92.6094 267.5158 14.19891587121727
ARKTIKA-M 2             
1 58584U 23198A   25340.84652291  .00000178  00000+0  00000+0 0  9998
2 58584  63.2244 175.5329 6864470 268.1270  18.8311  2.00604738 14463
TIANMU-1 11             
1 58645U 23205A   25341.95573467  .00008309  00000+0  34035-3 0  9998
2 58645  97.3604   1.6631 0008361 329.6292  30.4460 15.24510864108368
TIANMU-1 12             
1 58646U 23205B   25341.98230856  .00008111  00000+0  33328-3 0  9999
2 58646  97.3592   1.4963 0006214 313.9322  46.1402 15.24427565108350
TIANMU-1 13             
1 58647U 23205C   25341.95035088  .00008545  00000+0  35091-3 0  9997
2 58647  97.3620   1.6637 0006129 289.1044  70.9530 15.24433399108341
TIANMU-1 14             
1 58648U 23205D   25341.93369798  .00008836  00000+0  36283-3 0  9991
2 58648  97.3552   1.0007 0007009 294.2010  65.8495 15.24417720108342
TIANMU-1 19             
1 58660U 23208A   25341.89776374  .00011806  00000+0  43838-3 0  9990
2 58660  97.4395  92.9452 0004025 274.9457  85.1323 15.27715543108083
TIANMU-1 20             
1 58661U 23208B   25341.88803143  .00011973  00000+0  42860-3 0  9994
2 58661  97.4332  93.3784 0006352 286.4577  73.5965 15.28906254108157
TIANMU-1 21             
1 58662U 23208C   25341.89508613  .00014078  00000+0  46632-3 0  9990
2 58662  97.4381  95.2723 0005919 280.7436  79.3139 15.31393836108253
TIANMU-1 22             
1 58663U 23208D   25341.89678600  .00011088  00000+0  41491-3 0  9991
2 58663  97.4388  93.0055 0002829 311.2381  48.8614 15.27479714108097
TIANMU-1 15             
1 58700U 24004A   25341.92958681  .00009370  00000+0  38284-3 0  9999
2 58700  97.4627 163.4168 0005469 318.0858  41.9960 15.24581817106618
TIANMU-1 16             
1 58701U 24004B   25341.97953112  .00009276  00000+0  38187-3 0  9996
2 58701  97.4567 162.8607 0004745 316.8076  43.2789 15.24335259106629
TIANMU-1 17             
1 58702U 24004C   25341.96426465  .00008874  00000+0  36501-3 0  9993
2 58702  97.4601 163.2531 0003964 321.0447  39.0504 15.24380051106619
TIANMU-1 18             
1 58703U 24004D   25341.94754225  .00008655  00000+0  35622-3 0  9990
2 58703  97.4619 163.4306 0003326 322.2509  37.8494 15.24368974106619
INSAT-3DS               
1 58990U 24033A   25341.91364300 -.00000153  00000+0  00000+0 0  9992
2 58990   0.0070  39.1989 0001701 224.3969 224.3322  1.00269567 45152
METEOR-M2 4             
1 59051U 24039A   25341.92181105  .00000085  00000+0  57544-4 0  9991
2 59051  98.6761 298.9064 0007310  12.2282 347.9072 14.22400065 92079
GOES 19                 
1 60133U 24119A   25341.83852690 -.00000245  00000+0  00000+0 0  9996
2 60133   0.0110  94.0306 0001346 207.9913   1.5194  1.00271591  5049
FENGYUN 3H              
1 65815U 25219A   25341.93704491  .00000188  00000+0  10869-3 0  9999
2 65815  98.6578 281.6319 0000608  81.2582 278.8663 14.19902505 10243
